0.1
0.1414213562373095
0.17320508075688773
0.2
0.223606797749979
0.2449489742783178
0.2645751311064591
0.282842712474619
0.3
0.31622776601683794
0.33166247903553997
0.34641016151377546
0.3605551275463989
0.3741657386773941
0.3872983346207417
0.4
0.41231056256176607
0.42426406871192845
0.4358898943540674
0.447213595499958
0.458257569495584
0.469041575982343
0.4795831523312719
0.4898979485566356
0.5
0.5099019513592784
0.5196152422706632
0.5291502622129182
0.5385164807134504
0.5477225575051661
0.5567764362830021
0.565685424949238
0.5744562646538028
0.5830951894845301
0.5916079783099616
0.6
0.6082762530298219
0.6164414002968976
0.6244997998398398
0.6324555320336759
0.6403124237432849
0.6480740698407861
0.6557438524302001
0.6633249580710799
0.6708203932499369
0.6782329983125268
0.6855654600401044
0.6928203230275509
0.7
0.7071067811865476
0.7141428428542851
0.7211102550927978
0.7280109889280518
0.7348469228349535
0.7416198487095663
0.7483314773547882
0.754983443527075
0.7615773105863909
0.7681145747868607
0.7745966692414834
0.7810249675906654
0.7874007874011811
0.7937253933193772
0.8
0.8062257748298549
0.812403840463596
0.8185352771872451
0.8246211251235321
0.8306623862918074
0.8366600265340756
0.8426149773176359
0.8485281374238569
0.854400374531753
0.8602325267042626
0.8660254037844387
0.8717797887081348
0.8774964387392122
0.8831760866327848
0.8888194417315589
0.894427190999916
0.9
0.9055385138137417
0.9110433579144299
0.916515138991168
0.9219544457292888
0.9273618495495703
0.9327379053088816
0.938083151964686
0.9433981132056604
0.9486832980505138
0.9539392014169457
0.9591663046625438
0.9643650760992954
0.9695359714832659
0.9746794344808963
0.9797958971132712
0.9848857801796104
0.9899494936611666
0.99498743710662
1.0
