0.03162277660168379
0.0447213595499958
0.054772255750516606
0.06324555320336758
0.07071067811865475
0.07745966692414834
0.08366600265340757
0.0894427190999916
0.09486832980505139
0.1
0.10488088481701516
0.10954451150103321
0.11401754250991379
0.11832159566199232
0.12247448713915891
0.12649110640673517
0.130384048104053
0.13416407864998736
0.13784048752090222
0.1414213562373095
0.14491376746189438
0.14832396974191328
0.151657508881031
0.15491933384829668
0.15811388300841897
0.161245154965971
0.16431676725154984
0.16733200530681513
0.170293863659264
0.17320508075688773
0.17606816861659008
0.1788854381999832
0.1816590212458495
0.18439088914585777
0.18708286933869708
0.18973665961010278
0.19235384061671343
0.19493588689617927
0.197484176581315
0.2
0.20248456731316586
0.20493901531919198
0.2073644135332772
0.20976176963403032
0.21213203435596428
0.21447610589527216
0.216794833886788
0.21908902300206642
0.22135943621178655
0.223606797749979
0.2258317958127243
0.22803508501982758
0.23021728866442676
0.23237900077244503
0.2345207879911715
0.23664319132398465
0.23874672772626646
0.24083189157584592
0.24289915602982237
0.24494897427831783
0.2469817807045694
0.24899799195977465
0.2509980079602227
0.25298221281347033
0.25495097567963926
0.2569046515733026
0.2588435821108957
0.260768096208106
0.26267851073127396
0.2645751311064591
0.2664582518894846
0.2683281572999747
0.2701851217221259
0.2720294101747089
0.2738612787525831
0.27568097504180444
0.2774887385102322
0.2792848008753789
0.2810693864511039
0.282842712474619
0.28460498941515416
0.2863564212655271
0.28809720581775866
0.28982753492378877
0.29154759474226505
0.2932575659723036
0.29495762407505255
0.29664793948382656
0.29832867780352595
0.3
0.30166206257996714
0.303315017762062
0.30495901363953815
0.30659419433511786
0.3082207001484488
0.30983866769659335
0.31144823004794875
0.31304951684997057
0.31464265445104544
0.31622776601683794
0.3178049716414141
0.31937438845342625
0.3209361307176242
0.322490309931942
0.324037034920393
0.32557641192199416
0.32710854467592254
0.3286335345030997
0.3301514803843836
0.33166247903553997
0.3331666249791536
0.33466401061363027
0.33615472627943227
0.33763886032268264
0.3391164991562634
0.340587727318528
0.3420526275297414
0.34351128074635334
0.3449637662132068
0.34641016151377546
0.3478505426185217
0.3492849839314596
0.3507135583350037
0.35213633723318016
0.3535533905932738
0.354964786985977
0.3563705936241092
0.3577708763999664
0.35916569992135944
0.3605551275463989
0.3619392214170772
0.363318042491699
0.3646916505762094
0.36606010435446257
0.3674234614174767
0.36878177829171555
0.370135110466435
0.37148351242013417
0.37282703764614494
0.37416573867739417
0.37549966711037175
0.37682887362833545
0.3781534080237808
0.37947331922020555
0.38078865529319544
0.382099463490856
0.38340579025361626
0.38470768123342686
0.38600518131237566
0.3872983346207417
0.38858718455450897
0.38987177379235854
0.3911521443121589
0.3924283374069717
0.39370039370059057
0.39496835316263
0.396232255123179
0.39749213828703583
0.3987480407475377
0.4
0.4012480529547776
0.40249223594996214
0.403732584763727
0.4049691346263317
0.406201920231798
0.4074309757492673
0.408656334834051
0.40987803063838396
0.41109609582188933
0.41231056256176607
0.41352146256270667
0.4147288270665544
0.4159326868617084
0.41713307229228425
0.4183300132670378
0.41952353926806063
0.4207136793592526
0.4219004621945798
0.4230839160261236
0.42426406871192857
0.42544094772365293
0.42661458015403086
0.42778499272414877
0.4289522117905443
0.4301162633521314
0.43127717305695645
0.43243496620879307
0.433589667773576
0.4347413023856832
0.43588989435406733
0.43703546766824314
0.43817804600413285
0.4393176527297759
0.4404543109109048
0.44158804331639234
0.4427188724235731
0.4438468204234429
0.44497190922573976
0.44609416046390926
0.447213595499958
0.4483302354291979
0.44944410108488464
0.45055521304275237
0.4516635916254486
0.45276925690687087
0.4538722287164087
0.45497252664309307
0.45607017003965516
0.4571651780264985
0.458257569495584
0.4593473631142341
0.4604345773288535
0.46151923036857306
0.4626013402488151
0.4636809247747852
0.46475800154489005
0.4658325879540846
0.4669047011971501
0.46797435827190365
0.469041575982343
0.47010637094172636
0.47116875957558985
0.4722287581247038
0.4732863826479693
0.4743416490252569
0.4753945729601885
0.47644516998286385
0.4774934554525329
0.47853944456021597
0.47958315233127197
0.48062459362791665
0.48166378315169184
0.48270073544588676
0.483735464897913
0.4847679857416329
0.48579831205964474
0.4868264577855234
0.4878524367060187
0.4888762624632127
0.48989794855663565
0.4909175083453431
0.4919349550499537
0.49295030175464954
0.4939635614091388
0.4949747468305833
0.4959838707054898
0.49699094559156715
0.4979959839195493
0.4989989979949859
0.5
0.5009990019950139
0.5019960159204454
0.5029910535983717
0.5039841267341661
0.5049752469181039
0.5059644256269407
0.5069516742254631
0.5079370039680118
0.5089204259999789
0.5099019513592785
0.510881590977792
0.5118593556827892
0.5128352561983235
0.5138093031466052
0.51478150704935
0.5157518783291051
0.5167204273105526
0.5176871642217914
0.5186520991955976
0.5196152422706631
0.5205766033928149
0.521536192416212
0.5224940191045252
0.523450093132096
0.5244044240850758
0.5253570214625479
0.5263078946776307
0.5272570530585626
0.5282045058497703
0.5291502622129182
0.5300943312279429
0.5310367218940701
0.5319774431308155
0.5329165037789692
0.5338539126015657
0.5347896782848375
0.535723809439155
0.5366563145999494
0.5375872022286245
0.5385164807134505
0.539444158370447
0.5403702434442518
0.5412947441089744
0.5422176684690384
0.5431390245600107
0.5440588203494178
0.5449770637375485
0.5458937625582472
0.5468089245796927
0.5477225575051662
0.5486346689738081
0.5495452665613635
0.5504543577809154
0.5513619500836089
0.552268050859363
0.5531726674375732
0.5540758070878027
0.5549774770204644
0.555877684387492
0.5567764362830022
0.5576737397439474
0.5585696017507578
0.5594640292279746
0.5603570290448759
0.5612486080160912
0.5621387729022078
0.56302753041037
0.5639148871948674
0.5648008498577175
0.565685424949238
0.5665686189686118
0.5674504383644443
0.5683308895353129
0.5692099788303083
0.570087712549569
0.570964096944808
0.5718391382198319
0.5727128425310541
0.5735852159879995
0.5744562646538028
0.5753259945457011
0.5761944116355173
0.5770615218501404
0.5779273310719957
0.5787918451395112
0.5796550698475775
0.5805170109479997
0.5813776741499453
0.5822370651203854
0.5830951894845301
0.5839520528262573
0.5848076606885378
0.5856620185738529
0.5865151319446072
0.5873670062235365
0.5882176467941097
0.5890670590009256
0.5899152481501051
0.5907622195096772
0.5916079783099617
0.5924525297439449
0.5932958789676531
0.5941380311005179
0.5949789912257407
0.5958187643906493
0.5966573556070519
0.5974947698515862
0.5983310120660636
0.5991660871578097
0.6
0.6008327554319921
0.6016643582596529
0.6024948132556828
0.6033241251599343
0.6041522986797286
0.6049793384901669
0.6058052492344383
0.606630035524124
0.6074537019394977
0.6082762530298219
0.6090976933136425
0.6099180272790763
0.6107372593840988
0.6115553940568262
0.6123724356957946
0.6131883886702357
0.6140032573203501
0.6148170459575759
0.6156297588648554
0.6164414002968976
0.6172519744804387
0.6180614856144978
0.618869937870632
0.6196773353931867
0.6204836822995428
0.6212889826803627
0.6220932405998316
0.6228964600958975
0.6236986451805071
0.6244997998398398
0.6252999280345394
0.6260990336999411
0.6268971207462992
0.6276941930590086
0.6284902544988268
0.6292853089020909
0.6300793600809346
0.6308724118235002
0.6316644678941502
0.6324555320336759
0.6332456079595026
0.6340346993658944
0.6348228099241552
0.6356099432828282
0.6363961030678928
0.6371812928829597
0.6379655163094633
0.6387487769068525
0.6395310782127793
0.6403124237432849
0.6410928169929843
0.6418722614352484
0.6426507605223851
0.6434283176858164
0.6442049363362562
0.644980619863884
0.6457553716385177
0.6465291950097846
0.6473020933072904
0.648074069840786
0.6488451279003334
0.6496152707564686
0.650384501660364
0.6511528238439883
0.6519202405202649
0.6526867548832288
0.6534523701081817
0.6542170893518451
0.6549809157525126
0.6557438524302001
0.6565059024867941
0.6572670690061994
0.6580273550544841
0.6587867636800242
0.6595452979136459
0.6603029607687672
0.6610597552415365
0.6618156843109718
0.6625707509390979
0.6633249580710799
0.6640783086353597
0.6648308055437865
0.6655824516917495
0.6663332499583072
0.6670832032063168
0.66783231428256
0.6685805860178712
0.6693280212272605
0.6700746227100381
0.6708203932499369
0.6715653356152327
0.6723094525588645
0.6730527468185536
0.6737952211169207
0.6745368781616021
0.6752777206453653
0.6760177512462228
0.6767569726275452
0.677495387438173
0.6782329983125268
0.6789698078707183
0.6797058187186572
0.68044103344816
0.681175454637056
0.6819090848492928
0.6826419266350404
0.6833739825307955
0.6841052550594828
0.6848357467305572
0.6855654600401044
0.6862943974709397
0.6870225614927067
0.6877499545619761
0.6884765791223402
0.6892024376045112
0.6899275324264136
0.6906518659932803
0.6913754406977443
0.6920982589199312
0.6928203230275509
0.6935416353759881
0.6942621983083913
0.6949820141557622
0.6957010852370434
0.6964194138592059
0.697137002317335
0.697853852894716
0.6985699678629192
0.6992853494818836
0.7
0.7007139216541941
0.7014271166700073
0.7021395872616784
0.7028513356322232
0.7035623639735145
0.7042726744663603
0.7049822692805827
0.705691150575094
0.7063993204979744
0.7071067811865476
0.7078135347674556
0.708519583356734
0.7092249290598858
0.709929573971954
0.7106335201775947
0.7113367697511496
0.7120393247567159
0.7127411872482184
0.7134423592694787
0.714142842854285
0.7148426400264606
0.7155417527999328
0.7162401831787993
0.7169379331573968
0.7176350047203661
0.7183313998427189
0.719027120489902
0.7197221686178633
0.720416546173115
0.7211102550927978
0.7218032973047436
0.7224956747275377
0.7231873892705818
0.7238784428341544
0.7245688373094719
0.7252585745787498
0.7259476565152615
0.726636084983398
0.7273238618387272
0.7280109889280518
0.7286974680894672
0.7293833011524188
0.7300684899377592
0.7307530362578044
0.7314369419163896
0.7321202087089251
0.7328028384224504
0.7334848328356899
0.7341661937191062
0.7348469228349535
0.7355270219373318
0.7362064927722385
0.7368853370776216
0.7375635565834311
0.73824115301167
0.7389181280764467
0.7395944834840239
0.74027022093287
0.7409453421137081
0.7416198487095663
0.7422937423958255
0.7429670248402683
0.7436396977031282
0.7443117626371358
0.744983221287567
0.7456540752922899
0.7463243262818117
0.7469939758793239
0.7476630257007498
0.7483314773547883
0.7489993324429601
0.7496665925596524
0.7503332592921629
0.7509993342207435
0.7516648189186454
0.752329714952161
0.752994023880668
0.7536577472566709
0.7543208866258444
0.754983443527075
0.7556454194925025
0.7563068160475616
0.7569676347110226
0.7576278769950324
0.7582875444051551
0.7589466384404111
0.7596051605933177
0.7602631123499285
0.760920495189872
0.7615773105863909
0.7622335600063802
0.7628892449104261
0.7635443667528431
0.764198926981712
0.7648529270389177
0.7655063683601855
0.7661592523751182
0.7668115805072325
0.7674633541739957
0.7681145747868608
0.7687652437513028
0.7694153624668537
0.7700649323271384
0.7707139547199078
0.7713624310270757
0.7720103626247513
0.7726577508832743
0.7733045971672482
0.7739509028355739
0.7745966692414834
0.7752418977325722
0.7758865896508329
0.776530746332687
0.7771743691090179
0.7778174593052023
0.7784600182411425
0.7791020472312983
0.7797435475847171
0.7803845206050669
0.7810249675906654
0.7816648898345121
0.7823042886243178
0.7829431652425354
0.7835815209663892
0.7842193570679061
0.7848566748139434
0.7854934754662193
0.7861297602813418
0.7867655305108378
0.7874007874011811
0.7880355321938218
0.7886697661252142
0.7893034904268446
0.78993670632526
0.7905694150420949
0.7912016177940994
0.7918333157931662
0.792464510246358
0.7930952023559341
0.7937253933193772
0.79435508432942
0.7949842765740717
0.7956129712366434
0.7962411694957754
0.7968688725254613
0.7974960814950754
0.7981227975693966
0.7987490219086344
0.7993747556684537
0.8
0.8006247560499239
0.8012490249604052
0.8018728078691783
0.8024961059095552
0.8031189202104506
0.8037412518964048
0.8043631020876082
0.8049844718999243
0.8056053624449132
0.806225774829855
0.8068457101577724
0.807465169527454
0.8080841540334769
0.8087026647662291
0.8093207028119322
0.8099382692526634
0.8105553651663777
0.8111719916269299
0.8117881497040962
0.812403840463596
0.8130190649671138
0.8136338242723197
0.8142481194328913
0.8148619514985346
0.8154753215150046
0.8160882305241266
0.8167006795638166
0.817312669668102
0.8179242018671412
0.8185352771872451
0.8191458966508958
0.8197560612767679
0.8203657720797474
0.8209750300709517
0.8215838362577492
0.8221921916437787
0.8228000972289685
0.823407554009556
0.8240145629781066
0.8246211251235321
0.8252272414311104
0.8258329128825032
0.8264381404557755
0.8270429251254133
0.8276472678623424
0.8282511696339463
0.828854631404084
0.8294576541331088
0.8300602387778854
0.8306623862918076
0.8312640976248162
0.8318653737234168
0.8324662155306964
0.8330666239863412
0.8336666000266534
0.8342661445845685
0.8348652585896721
0.8354639429682169
0.8360621986431392
0.8366600265340756
0.8372574275573792
0.8378544026261364
0.8384509526501833
0.8390470785361213
0.8396427811873333
0.8402380615040003
0.8408329203831163
0.8414273587185052
0.8420213774008354
0.8426149773176359
0.8432081593533117
0.8438009243891595
0.8443932733033821
0.8449852069711044
0.8455767262643882
0.8461678320522472
0.846758525200662
0.8473488065725944
0.8479386770280031
0.8485281374238571
0.8491171886141512
0.8497058314499201
0.8502940667792526
0.8508818954473059
0.8514693182963201
0.8520563361656317
0.8526429498916883
0.8532291603080617
0.8538149682454624
0.8544003745317531
0.8549853799919622
0.8555699854482975
0.8561541917201597
0.8567379996241558
0.8573214099741123
0.8579044235810886
0.8584870412533901
0.8590692637965811
0.8596510920134982
0.8602325267042628
0.8608135686662938
0.8613942186943212
0.861974477580398
0.8625543461139129
0.8631338250816035
0.8637129152675674
0.8642916174532761
0.8648699324175861
0.8654478609367523
0.8660254037844387
0.8666025617317318
0.867179335547152
0.8677557259966655
0.8683317338436964
0.8689073598491384
0.8694826047713664
0.8700574693662483
0.8706319543871567
0.8712060605849801
0.8717797887081347
0.8723531395025755
0.8729261137118077
0.8734987120768982
0.8740709353364863
0.8746427842267951
0.8752142594816426
0.8757853618324527
0.8763560920082657
0.8769264507357502
0.8774964387392122
0.8780660567406077
0.8786353054595518
0.8792041856133307
0.8797726979169108
0.8803408430829505
0.8809086218218096
0.8814760348415605
0.8820430828479978
0.8826097665446492
0.8831760866327847
0.8837420438114281
0.8843076387773658
0.8848728722251575
0.8854377448471462
0.8860022573334676
0.8865664103720601
0.887130204648675
0.8876936408468858
0.8882567196480982
0.8888194417315589
0.8893818077743664
0.8899438184514795
0.8905054744357275
0.8910667763978186
0.8916277250063505
0.8921883209278185
0.8927485648266258
0.8933084573650918
0.8938679992034618
0.894427190999916
0.8949860334105779
0.8955445270895245
0.8961026726887941
0.8966604708583958
0.897217922246318
0.8977750274985377
0.8983317872590283
0.8988882021697693
0.8994442728707543
0.9
0.9005553841935542
0.9011104260855047
0.901665126307988
0.9022194854911969
0.9027735042633894
0.9033271832508972
0.9038805230781334
0.904433524367601
0.9049861877399014
0.9055385138137417
0.9060905032059435
0.906642156531451
0.9071934744033381
0.9077444574328174
0.9082951062292475
0.9088454214001411
0.9093954035511727
0.9099450532861861
0.910494371207203
0.9110433579144299
0.9115920140062659
0.9121403400793103
0.9126883367283708
0.9132360045464699
0.9137833441248533
0.914330356052997
0.9148770409186144
0.9154233993076646
0.9159694318043589
0.916515138991168
0.91706052144883
0.917605579756357
0.9181503144910423
0.9186947262284682
0.9192388155425119
0.9197825830053534
0.9203260291874831
0.920869154657707
0.9214119599831554
0.9219544457292888
0.922496612459905
0.9230384607371461
0.9235799911215055
0.9241212041718337
0.9246621004453465
0.9252026804976302
0.9257429448826494
0.9262828941527529
0.9268225288586807
0.9273618495495703
0.9279008567729636
0.9284395510748128
0.9289779329994874
0.9295160030897801
0.9300537618869137
0.9305912099305473
0.9311283477587824
0.9316651759081692
0.9322016949137135
0.9327379053088815
0.9332738076256079
0.9338094023943002
0.9343446901438462
0.9348796714016194
0.9354143466934853
0.9359487165438073
0.9364827814754525
0.9370165420097982
0.9375499986667378
0.938083151964686
0.9386160024205852
0.9391485505499116
0.9396807968666807
0.9402127418834527
0.940744386111339
0.9412757300600074
0.9418067742376883
0.9423375191511797
0.9428679653058534
0.9433981132056605
0.9439279633531364
0.9444575162494075
0.944986772394196
0.9455157322858251
0.9460443964212251
0.9465727652959386
0.9471008394041259
0.9476286192385707
0.9481561052906847
0.9486832980505138
0.9492101980067429
0.9497368056467014
0.950263121456368
0.950789145920377
0.9513148795220224
0.9518403227432635
0.9523654760647301
0.9528903399657277
0.9534149149242422
0.9539392014169457
0.9544631999192007
0.9549869109050658
0.9555103348473004
0.9560334722173697
0.9565563234854496
0.9570788891204319
0.957601169589929
0.9581231653602786
0.9586448768965492
0.9591663046625439
0.9596874491208063
0.9602083107326242
0.9607288899580361
0.9612491872558333
0.9617692030835673
0.9622889378975527
0.9628083921528728
0.9633275663033837
0.9638464608017192
0.9643650760992956
0.9648834126463156
0.9654014708917735
0.96591925128346
0.9664367542679656
0.9669539802906859
0.967470929795826
0.967987603226405
0.9685040010242602
0.9690201236300514
0.9695359714832658
0.970051545022222
0.9705668446840743
0.9710818709048172
0.9715966241192895
0.9721111047611791
0.9726253132630264
0.9731392500562291
0.9736529155710468
0.9741663102366044
0.9746794344808964
0.9751922887307918
0.9757048734120374
0.9762171889492625
0.9767292357659825
0.9772410142846032
0.9777525249264254
0.9782637681116478
0.9787747442593725
0.9792854537876073
0.9797958971132713
0.9803060746521977
0.9808159868191383
0.9813256340277675
0.9818350166906862
0.982344135219425
0.9828529900244493
0.9833615815151617
0.9838699100999074
0.984377976185977
0.9848857801796105
0.9853933224860011
0.9859006035092991
0.9864076236526156
0.9869143833180262
0.9874208829065749
0.9879271228182775
0.9884331034521254
0.9889388252060893
0.9894442884771228
0.9899494936611666
0.9904544411531507
0.9909591313469996
0.991463564635635
0.9919677414109797
0.9924716620639604
0.9929753269845129
0.9934787365615834
0.9939818911831343
0.9944847912361455
0.9949874371066201
0.9954898291795854
0.9959919678390986
0.9964938534682489
0.9969954864491614
0.9974968671630002
0.9979979959899719
0.9984988733093293
0.9989994994993742
0.9994998749374608
1.0
