0.044721359549995794
0.06324555320336758
0.07745966692414832
0.08944271909999159
0.1
0.10954451150103321
0.11832159566199232
0.12649110640673517
0.13416407864998736
0.1414213562373095
0.14832396974191325
0.15491933384829665
0.16124515496597097
0.1673320053068151
0.17320508075688773
0.17888543819998318
0.18439088914585774
0.18973665961010272
0.1949358868961793
0.2
0.20493901531919195
0.20976176963403032
0.21447610589527213
0.21908902300206642
0.22360679774997896
0.22803508501982758
0.232379000772445
0.23664319132398465
0.2408318915758459
0.2449489742783178
0.24899799195977462
0.25298221281347033
0.25690465157330256
0.2607680962081059
0.264575131106459
0.2683281572999747
0.27202941017470883
0.2756809750418044
0.2792848008753788
0.282842712474619
0.286356421265527
0.28982753492378877
0.29325756597230357
0.2966479394838265
0.3
0.303315017762062
0.3065941943351178
0.3098386676965933
0.31304951684997057
0.31622776601683794
0.31937438845342625
0.32249030993194194
0.3255764119219941
0.3286335345030997
0.33166247903553997
0.3346640106136302
0.33763886032268264
0.34058772731852804
0.34351128074635334
0.34641016151377546
0.34928498393145957
0.35213633723318016
0.35496478698597694
0.35777087639996635
0.3605551275463989
0.363318042491699
0.3660601043544625
0.3687817782917155
0.37148351242013417
0.3741657386773941
0.37682887362833545
0.37947331922020544
0.38209946349085594
0.38470768123342686
0.3872983346207417
0.3898717737923586
0.3924283374069717
0.39496835316263
0.3974921382870358
0.4
0.40249223594996214
0.4049691346263318
0.40743097574926723
0.4098780306383839
0.412310562561766
0.4147288270665544
0.4171330722922842
0.41952353926806063
0.42190046219457966
0.4242640687119285
0.4266145801540308
0.42895221179054427
0.43127717305695645
0.433589667773576
0.4358898943540673
0.43817804600413285
0.44045431091090476
0.4427188724235731
0.44497190922573976
0.4472135954999579
0.4494441010848846
0.45166359162544856
0.45387222871640864
0.45607017003965516
0.45825756949558394
0.4604345773288535
0.4626013402488151
0.46475800154489
0.4669047011971501
0.4690415759823429
0.4711687595755898
0.4732863826479693
0.4753945729601885
0.47749345545253286
0.4795831523312719
0.4816637831516918
0.48373546489791297
0.48579831205964474
0.4878524367060187
0.4898979485566356
0.4919349550499537
0.4939635614091388
0.49598387070548977
0.49799598391954925
0.5
0.5019960159204453
0.503984126734166
0.5059644256269407
0.5079370039680118
0.5099019513592784
0.5118593556827891
0.5138093031466051
0.5157518783291051
0.5176871642217914
0.5196152422706631
0.5215361924162119
0.523450093132096
0.5253570214625478
0.5272570530585626
0.529150262212918
0.5310367218940701
0.532916503778969
0.5347896782848375
0.5366563145999494
0.5385164807134504
0.5403702434442518
0.5422176684690383
0.5440588203494177
0.5458937625582472
0.5477225575051661
0.5495452665613634
0.5513619500836088
0.5531726674375732
0.5549774770204643
0.5567764362830022
0.5585696017507576
0.5603570290448759
0.5621387729022078
0.5639148871948674
0.565685424949238
0.5674504383644443
0.5692099788303082
0.5709640969448079
0.572712842531054
0.5744562646538028
0.5761944116355173
0.5779273310719956
0.5796550698475775
0.5813776741499453
0.5830951894845301
0.5848076606885378
0.5865151319446071
0.5882176467941097
0.589915248150105
0.5916079783099616
0.593295878967653
0.5949789912257406
0.5966573556070519
0.5983310120660636
0.6
0.6016643582596529
0.6033241251599343
0.6049793384901669
0.606630035524124
0.6082762530298219
0.6099180272790762
0.6115553940568262
0.6131883886702356
0.6148170459575759
0.6164414002968976
0.6180614856144977
0.6196773353931866
0.6212889826803626
0.6228964600958975
0.6244997998398397
0.6260990336999411
0.6276941930590085
0.6292853089020909
0.6308724118235002
0.6324555320336759
0.6340346993658943
0.635609943282828
0.6371812928829595
0.6387487769068525
0.6403124237432849
0.6418722614352484
0.6434283176858165
0.6449806198638839
0.6465291950097846
0.648074069840786
0.6496152707564685
0.6511528238439882
0.6526867548832288
0.654217089351845
0.6557438524302001
0.6572670690061994
0.6587867636800241
0.660302960768767
0.6618156843109718
0.6633249580710799
0.6648308055437865
0.6663332499583072
0.66783231428256
0.6693280212272604
0.6708203932499369
0.6723094525588644
0.6737952211169206
0.6752777206453653
0.6767569726275452
0.6782329983125268
0.6797058187186571
0.6811754546370561
0.6826419266350404
0.6841052550594828
0.6855654600401043
0.6870225614927067
0.6884765791223402
0.6899275324264136
0.6913754406977441
0.6928203230275509
0.6942621983083912
0.6957010852370434
0.697137002317335
0.6985699678629191
0.7
0.7014271166700072
0.7028513356322231
0.7042726744663603
0.7056911505750939
0.7071067811865475
0.708519583356734
0.7099295739719539
0.7113367697511496
0.7127411872482184
0.714142842854285
0.7155417527999327
0.7169379331573968
0.7183313998427188
0.7197221686178632
0.7211102550927978
0.7224956747275376
0.7238784428341544
0.7252585745787498
0.726636084983398
0.7280109889280518
0.7293833011524187
0.7307530362578043
0.732120208708925
0.73348483283569
0.7348469228349533
0.7362064927722385
0.737563556583431
0.7389181280764465
0.7402702209328699
0.7416198487095663
0.7429670248402683
0.7443117626371358
0.7456540752922899
0.7469939758793239
0.7483314773547882
0.7496665925596525
0.7509993342207434
0.752329714952161
0.7536577472566709
0.754983443527075
0.7563068160475614
0.7576278769950324
0.7589466384404109
0.7602631123499285
0.7615773105863909
0.762889244910426
0.7641989269817119
0.7655063683601855
0.7668115805072325
0.7681145747868607
0.7694153624668537
0.7707139547199077
0.7720103626247512
0.7733045971672482
0.7745966692414834
0.7758865896508329
0.7771743691090178
0.7784600182411426
0.7797435475847172
0.7810249675906653
0.7823042886243178
0.7835815209663892
0.7848566748139434
0.7861297602813418
0.787400787401181
0.7886697661252141
0.78993670632526
0.7912016177940993
0.7924645102463579
0.7937253933193772
0.7949842765740716
0.7962411694957754
0.7974960814950753
0.7987490219086342
0.8
0.8012490249604052
0.8024961059095552
0.8037412518964048
0.8049844718999243
0.8062257748298549
0.807465169527454
0.8087026647662291
0.8099382692526635
0.8111719916269298
0.8124038404635959
0.8136338242723197
0.8148619514985345
0.8160882305241266
0.817312669668102
0.818535277187245
0.8197560612767678
0.8209750300709516
0.8221921916437785
0.823407554009556
0.824621125123532
0.825832912882503
0.8270429251254132
0.8282511696339463
0.8294576541331088
0.8306623862918074
0.8318653737234168
0.8330666239863411
0.8342661445845684
0.8354639429682169
0.8366600265340756
0.8378544026261364
0.8390470785361213
0.8402380615040002
0.8414273587185052
0.8426149773176359
0.8438009243891593
0.8449852069711044
0.8461678320522472
0.8473488065725944
0.848528137423857
0.8497058314499201
0.8508818954473057
0.8520563361656316
0.8532291603080616
0.854400374531753
0.8555699854482975
0.8567379996241558
0.8579044235810885
0.8590692637965811
0.8602325267042625
0.8613942186943212
0.8625543461139129
0.8637129152675673
0.864869932417586
0.8660254037844386
0.867179335547152
0.8683317338436963
0.8694826047713663
0.8706319543871566
0.8717797887081346
0.8729261137118078
0.8740709353364863
0.8752142594816424
0.8763560920082657
0.8774964387392121
0.8786353054595517
0.8797726979169107
0.8809086218218095
0.8820430828479978
0.8831760866327846
0.8843076387773657
0.8854377448471462
0.8865664103720601
0.8876936408468858
0.8888194417315588
0.8899438184514795
0.8910667763978185
0.8921883209278184
0.8933084573650917
0.8944271909999159
0.8955445270895245
0.8966604708583957
0.8977750274985377
0.8988882021697692
0.9
0.9011104260855048
0.9022194854911969
0.9033271832508971
0.904433524367601
0.9055385138137416
0.906642156531451
0.9077444574328173
0.908845421400141
0.909945053286186
0.9110433579144298
0.9121403400793103
0.9132360045464699
0.9143303560529967
0.9154233993076646
0.9165151389911679
0.917605579756357
0.9186947262284682
0.9197825830053535
0.920869154657707
0.9219544457292888
0.9230384607371461
0.9241212041718337
0.9252026804976302
0.9262828941527529
0.9273618495495703
0.9284395510748128
0.92951600308978
0.9305912099305473
0.9316651759081692
0.9327379053088815
0.9338094023943002
0.9348796714016194
0.9359487165438071
0.9370165420097982
0.9380831519646858
0.9391485505499116
0.9402127418834527
0.9412757300600073
0.9423375191511796
0.9433981132056604
0.9444575162494074
0.945515732285825
0.9465727652959386
0.9476286192385707
0.9486832980505138
0.9497368056467013
0.950789145920377
0.9518403227432635
0.9528903399657276
0.9539392014169457
0.9549869109050657
0.9560334722173695
0.9570788891204318
0.9581231653602786
0.9591663046625438
0.9602083107326242
0.9612491872558332
0.9622889378975527
0.9633275663033836
0.9643650760992954
0.9654014708917735
0.9664367542679655
0.9674709297958259
0.9685040010242599
0.9695359714832658
0.9705668446840743
0.9715966241192895
0.9726253132630263
0.9736529155710467
0.9746794344808964
0.9757048734120374
0.9767292357659824
0.9777525249264253
0.9787747442593725
0.9797958971132712
0.9808159868191382
0.9818350166906862
0.9828529900244491
0.9838699100999074
0.9848857801796104
0.9859006035092989
0.9869143833180262
0.9879271228182775
0.9889388252060892
0.9899494936611665
0.9909591313469995
0.9919677414109795
0.9929753269845127
0.9939818911831342
0.99498743710662
0.9959919678390985
0.9969954864491615
0.9979979959899719
0.998999499499374
1.0
